0.4982 0.0385 0.0276 0.1640 0.1040 0.0176 0.0384 0.0252 0.0304 0.0532 0.0002 0.0027 
0.5594 0.0731 0.0251 0.0913 0.1096 0.0160 0.0525 0.0205 0.0137 0.0251 0.0023 0.0114 
0.6078 0.0392 0.0353 0.1059 0.0980 0.0196 0.0157 0.0039 0.0039 0.0627 0.0039 0.0041 
0.4582 0.0459 0.0151 0.3003 0.0605 0.0167 0.0120 0.0115 0.0271 0.0501 0.0005 0.0021 
0.5590 0.0192 0.0202 0.1854 0.0807 0.0192 0.0192 0.0106 0.0259 0.0538 0.0010 0.0058 
0.2989 0.0309 0.0206 0.2784 0.1443 0.0619 0.0206 0.0103 0.0206 0.0928 0.0052 0.0155 
0.5280 0.0590 0.0265 0.0973 0.1121 0.0118 0.0383 0.0088 0.0029 0.1091 0.0029 0.0033 
0.4396 0.1063 0.0290 0.0725 0.1449 0.0193 0.0386 0.0097 0.0290 0.1014 0.0048 0.0049 
0.5017 0.0584 0.0172 0.1031 0.1512 0.0137 0.0137 0.0103 0.0069 0.1100 0.0034 0.0104 
0.6986 0.0029 0.0014 0.0214 0.0486 0.0057 0.0257 0.0129 0.0257 0.1543 0.0014 0.0014 
0.2143 0.0714 0.0714 0.0714 0.0714 0.0714 0.0714 0.0714 0.0714 0.0714 0.0714 0.0717 
0.5000 0.0208 0.0208 0.0417 0.0417 0.0208 0.0625 0.0208 0.0208 0.0417 0.0625 0.1459 
